1.000000000000000000e+00 2.998761195238476285e-01
2.000000000000000000e+00 3.839274894431263241e-01
3.000000000000000000e+00 6.196812680278537266e-01
4.000000000000000000e+00 8.202404489188295234e-01
5.000000000000000000e+00 1.087554104705175551e+00
6.000000000000000000e+00 1.220471028472054575e+00
7.000000000000000000e+00 1.360689589641439268e+00
8.000000000000000000e+00 1.617465340224495174e+00
9.000000000000000000e+00 1.931192731324177458e+00
1.000000000000000000e+01 2.111357228595217794e+00
1.100000000000000000e+01 2.447827970553089649e+00
1.200000000000000000e+01 2.560521807931036786e+00
1.300000000000000000e+01 2.745779814761199589e+00
1.400000000000000000e+01 2.991923794759248967e+00
1.500000000000000000e+01 3.329564648975928076e+00
1.600000000000000000e+01 3.557228660289601052e+00
1.700000000000000000e+01 4.535395847484932297e+00
1.800000000000000000e+01 5.667802045916308096e+00
1.900000000000000000e+01 6.743606121114273044e+00
