2.731250993114946179e-02 9.486909913762472946e-02 1.128543296532314444e-01 1.722999924972324348e-01 -3.736401695593646322e-01 1.802209820221101766e-01 -7.383609568035964799e-02 6.313032952082811566e-02 -7.728944783402984242e-02 -5.271253509305571378e-02 1.863363181607828947e-02 1.320965884041646471e-02 -2.944122659591670316e-03 -3.809630398798082018e-02 3.584025501759756371e-03 6.322213097734859406e-03 -9.533741593553529681e-02 1.494511409716324513e-02 -1.876807020581030237e-04
2.210521498135161744e-01 -7.897445848337269689e-03 -1.014645544871354589e-02 -1.915666761333398652e-02 3.933609880721135321e-02 -3.764058504652936787e-02 2.415991047797391190e-03 -8.175185816868659264e-03 2.385846988070871710e-03 -6.321989452638712400e-04 1.158730201207380144e-03 -3.208873873932709814e-02 1.226799778360024816e-02 1.818085725537948397e-03 -3.618572036257225000e-04 1.203126030930521057e-03 6.799964819953516031e-03 1.548286689489880054e-02 1.165867626080596529e-04
1.571420061547304514e-02 4.644186235454223627e-03 2.866458485393047484e-03 3.297932258480054581e-03 -9.826365875932850658e-03 5.755625376188078408e-03 4.827874882636438991e-03 1.824435526861791727e-03 5.882123850321507169e-03 1.030270101472819180e-02 9.964894171502994280e-03 4.915898740012574798e-03 -4.648424915533190885e-03 -4.833200230870805282e-03 6.184558773943716128e-03 -5.175560584894356962e-03 3.249557593162683694e-02 -2.685542651520907501e-02 -1.606139308483127632e-03
2.731250993114946179e-02 9.486909913762472946e-02 1.128543296532314444e-01 1.722999924972324348e-01 -3.736401695593646322e-01 1.802209820221101766e-01 -7.383609568035964799e-02 6.313032952082811566e-02 -7.728944783402984242e-02 -5.271253509305571378e-02 1.863363181607828947e-02 1.320965884041646471e-02 -2.944122659591670316e-03 -3.809630398798082018e-02 3.584025501759756371e-03 6.322213097734859406e-03 -9.533741593553529681e-02 1.494511409716324513e-02 -1.876807020581030237e-04
2.210521498135161744e-01 -7.897445848337269689e-03 -1.014645544871354589e-02 -1.915666761333398652e-02 3.933609880721135321e-02 -3.764058504652936787e-02 2.415991047797391190e-03 -8.175185816868659264e-03 2.385846988070871710e-03 -6.321989452638712400e-04 1.158730201207380144e-03 -3.208873873932709814e-02 1.226799778360024816e-02 1.818085725537948397e-03 -3.618572036257225000e-04 1.203126030930521057e-03 6.799964819953516031e-03 1.548286689489880054e-02 1.165867626080596529e-04
1.571420061547304514e-02 4.644186235454223627e-03 2.866458485393047484e-03 3.297932258480054581e-03 -9.826365875932850658e-03 5.755625376188078408e-03 4.827874882636438991e-03 1.824435526861791727e-03 5.882123850321507169e-03 1.030270101472819180e-02 9.964894171502994280e-03 4.915898740012574798e-03 -4.648424915533190885e-03 -4.833200230870805282e-03 6.184558773943716128e-03 -5.175560584894356962e-03 3.249557593162683694e-02 -2.685542651520907501e-02 -1.606139308483127632e-03
-5.002433936589072150e-02 -4.263857440518152575e-03 9.386127074266975567e-03 3.031594045065254608e-02 -5.703460906410947467e-02 3.049609933468433801e-02 -1.754547131239037397e-02 -4.982999120651507990e-02 3.514609149804392291e-02 -1.940390944433251566e-02 3.224312796635030089e-03 -1.156103345423821482e-01 1.083394583436010083e-01 6.834014468359976557e-02 4.099675602497272232e-03 2.953921226737738284e-02 1.498774574652116717e-03 7.563574783028714776e-02 2.180053520548104560e-03
4.151297741118392670e-01 1.032703523025590292e-02 3.230039973213891941e-03 -1.278576095531605041e-02 4.088617646803560483e-03 1.222307332905269300e-01 4.000941416081762320e-02 1.654983605714463674e-03 -1.907334352805152566e-02 -1.405251334361502791e-02 1.953890291102730048e-01 -1.651871721643848262e-03 -4.854528218735529310e-02 2.193714499054258762e-02 -1.574105672791760793e-02 -1.204870493423665506e-01 4.723889592952738858e-02 8.848833747721403242e-02 -1.608157706614416621e-02
-1.091975751161564610e-02 6.262842401842118323e-02 8.286422911978402750e-02 3.923796399925902345e-01 -7.770427678048610343e-01 3.603063255898790729e-01 9.899721389970899121e-01 6.056059928216154242e-01 3.068488003440865142e-01 7.728439224292008580e-01 6.032534557982108803e-01 3.943793748989464221e-01 -9.252958745329747936e-02 1.456503242084333238e-01 -4.578239115693856776e-01 -5.332959885093525587e-01 -8.515704106589166988e-01 1.911499089535709794e-01 -2.176774553753944852e-03
1.488790153445690954e-02 3.104680866349411334e-03 3.245500826666181809e-02 -1.776696534385107870e-02 4.032214212908074441e-02 4.454190918595073503e-03 -4.920658544432105624e-02 2.439961819802709611e-02 -1.451182835464295828e-02 1.009774820186170735e-01 1.227908716015487477e-02 -8.211954495716270591e-03 3.426836615107432815e-02 5.749548699031777760e-02 -2.413794380098521764e-02 8.263919781460797587e-02 -5.144380410594412423e-02 9.884296561241213974e-03 -5.321659197279937463e-03
7.765630954494001648e-01 -6.194944750847634690e-05 1.537018795264729308e-02 2.317641169045792787e-02 -1.932055688097722435e-02 1.539925690058764340e-01 -3.386990189578853450e-02 -5.000217582465879725e-03 -1.789955105066397267e-02 -2.010245722257243683e-02 1.550015586614187368e-01 7.800261043098599689e-02 -2.814145967507208218e-02 -9.928361453577793944e-04 -8.566031847853781966e-03 -9.140185174675817537e-03 -3.535715035784323113e-02 1.901244288076338329e-02 -6.550727782918742970e-02
4.640115000251843203e-02 2.379750474081158418e-01 7.289465547135143275e-01 8.881179199035673655e-01 6.458610032049132144e-02 6.465964468953319111e-01 -5.530582898809554004e-01 -4.324543458529572781e-01 -3.654760432678896276e-01 -5.265323443992472180e-02 9.723687427329930077e-01 8.143478946530456897e-01 -7.924002044655642507e-01 -3.109567317835942313e-01 3.028551224371188802e-02 -1.074402904591450492e-01 -9.260114397500286421e-01 -6.090585364718854172e-02 1.557460188086064526e-02
3.257092360222546557e-02 8.783539191093168996e-03 -1.692272420915973477e-02 -4.401079946138624494e-02 -7.142780085354595576e-02 2.785837565362423753e-03 4.204236425237303787e-02 -1.379492506516654185e-02 1.879387692209768049e-02 -3.848191147055868289e-02 -4.036509432686804372e-02 -7.893403770447754431e-02 1.928968112699781454e-02 -7.407026012765757783e-03 1.126765534761834942e-01 1.800954062539739109e-02 -1.829432026975451042e-01 -8.070170584766165819e-03 2.016690776530163758e-03
9.712443083641179031e-01 6.723711652618476892e-03 1.286511559982441398e-02 -4.372086609786243923e-03 2.871379618864454766e-02 2.012735161303438602e-01 1.232120355363781374e-02 2.351018860121709131e-02 -2.017927047276941305e-02 2.849464504513474911e-02 1.149798484522068370e-01 3.855476932046777994e-02 2.552563719801432401e-02 3.981852681830534008e-03 -1.188841311368656062e-03 -4.761073173157996663e-02 4.165876871394822573e-02 -1.552588249040899315e-01 5.609181349847225384e-03
-9.639837316632064376e-03 5.173497614652855514e-01 9.876211903505418555e-01 -5.229638830499093449e-02 9.038029513930370129e-01 6.454198131979679287e-01 -4.694600287459964848e-03 5.551823150124512996e-01 2.733198486126680038e-01 3.547440163299694915e-01 3.623527700655764794e-01 -4.934750321540759543e-01 6.020999303537996061e-01 2.253788552825180258e-01 3.654169680057537395e-01 1.920846873975627991e-02 -1.487337532514921568e-01 1.519068019370383993e-01 -1.178498857439177518e-02
5.843145198876998486e-02 -1.734094872603997306e-02 -6.632035623071856623e-02 2.369805157149629596e-02 -1.026323801884372611e-01 4.127917546567949798e-03 -5.706405890183856300e-02 -4.259011272169821449e-02 -2.824010679845895960e-02 1.078217534641342651e-01 -1.352682544126714188e-02 -2.926343786412706482e-02 8.440418744307644217e-02 7.921497200451058096e-02 6.569050980297808096e-02 -7.267922176111675514e-02 -1.176998551144015498e-01 1.332107124665141834e-02 -1.027162242571735568e-03
9.317985823928706113e-01 -5.418478968496938906e-03 -7.704214764460005742e-03 -1.556588427261538718e-02 -1.060937894094017044e-02 1.732839362443768794e-01 1.219297681203629575e-03 -4.346953387753259811e-03 4.581259336057312255e-04 8.221218156964764726e-03 4.741518879782863002e-04 4.973851017664164542e-02 -1.201306041457676776e-02 1.222582689802401146e-02 3.542748159708975636e-02 1.414230610663936016e-01 -1.053940845389555458e-01 1.422878912850135125e-01 4.774593349150000297e-03
9.317663254153582542e-02 8.696922988538889898e-01 3.416678042317529695e-01 -8.501550182938701905e-01 -3.317158517045630806e-01 8.684017143400312166e-01 4.559056817227677416e-01 -4.878503479019958289e-01 -1.395476620004616752e-01 -4.742322424542868564e-01 5.208955576686669087e-02 5.911003187139245441e-01 -6.716952789449716077e-01 -6.031550294646912530e-02 -4.951996108839962774e-01 5.020414697806946380e-01 9.622580633282901141e-01 -4.443531518463228469e-02 -3.090202301034601987e-03
3.011746228275563944e-02 -4.307587353411692493e-02 -3.611119422013863572e-02 6.794973121542302597e-02 1.380037457086925878e-02 -2.153235085476899388e-02 -9.402008405418103929e-04 2.647652073568937739e-02 2.478218467563898103e-02 -5.191276179286758059e-03 -2.641395944885070041e-02 -9.430495415624678968e-02 1.674479164978230974e-02 2.030077509435403160e-02 6.489528873077517190e-02 1.036782231887614474e-02 4.297276879314160941e-02 6.842672579122520415e-02 6.623942328674574821e-04
7.579817455963672179e-01 1.413896133250918015e-02 -7.819027586936382404e-03 3.220700374412349687e-02 2.155077156153901302e-02 1.097320676662263683e-01 -4.380428838215642134e-02 3.266476212126496331e-02 1.392995243364454280e-02 2.235106226125721518e-02 -1.252179285051591151e-01 -3.296360405352383866e-02 -8.670400071430083011e-02 -7.283905000563002663e-02 -4.358450300854188608e-02 9.160334641726887439e-02 1.001095951999723815e-01 -3.042466783903053917e-01 1.531087177748435314e-02
5.106526124459777327e-02 9.986117481238827587e-01 -6.469556104833774635e-01 -4.246798230977390232e-02 -3.691710338689745963e-01 9.998139118952540372e-01 -5.551365696341593603e-01 1.027998988032285677e-01 1.221658361696800234e-02 5.927349039446792034e-01 -8.535701913618485293e-01 -6.954141812655338928e-01 8.070597015765985649e-01 1.457445222961898171e-02 5.969117825140650702e-01 4.479574659711473283e-01 -3.127830694791460808e-01 -2.634826041991875090e-01 -8.370416967323624294e-03
4.095484232946181025e-02 -8.918673389360187720e-02 5.273011940556477511e-02 -1.612404910713836556e-02 -3.773642792212791169e-02 -2.846682245952118079e-02 5.714774169607009235e-02 -1.082067007365509620e-01 -4.693613127534017326e-02 8.658596593197045999e-02 3.217161642176179920e-02 -4.992512298578716951e-02 6.681847034235653682e-02 9.091962559591185156e-02 1.396020112065763652e-01 1.009845695724567866e-01 -8.471751753265102658e-02 -1.329227933261567796e-01 -5.968826567789098717e-03
4.093161456383354602e-01 1.356609170169533439e-02 -8.279335277304416055e-03 4.693886475983394257e-02 -1.671683663702465406e-02 1.267283501404977974e-01 -3.008759220945068577e-02 1.324592874545219359e-02 6.488979832163854072e-03 -2.104555005142193583e-02 -2.384116967648326757e-01 -7.903022927649834550e-02 -1.794640692969290581e-03 -6.854950755150129860e-02 -1.304888898089425799e-02 -2.865172986887604134e-01 -2.593141902744498101e-02 2.754084330659001267e-01 5.273679500823816313e-02
8.164022213183769194e-02 5.427043718102312342e-01 -6.697563851147917413e-01 7.505624514222750676e-01 9.800258939625573484e-01 6.020888209381441980e-01 4.503407448371630761e-01 6.623236850988785396e-02 1.249316467457464164e-01 -7.105049260747563489e-01 -6.639933837663564153e-01 3.452714898777863306e-01 -2.392477229229988955e-01 1.575116122012389652e-01 -3.424316587579434024e-01 -7.630249903700563330e-01 -7.257725422211973587e-01 2.153069563674106235e-01 1.017476130647796198e-02
3.468594353555348730e-02 -1.480720613436775591e-03 6.197716343129118684e-03 4.415161047497342950e-02 -5.518121465904873846e-02 1.469047794132955463e-02 1.036533994951942261e-02 -3.899386144169395690e-02 3.294374140294681341e-02 -1.130907673555639481e-02 -5.169036229255338094e-02 -1.066523047840963190e-01 1.009440434292123712e-01 8.123685436816062422e-02 -6.180262040064328326e-03 -5.383326570950669465e-03 -4.506964392702262484e-02 -3.970887168537249462e-02 1.634899601120278650e-04
3.740057036651778244e-01 1.024658433042013829e-03 -5.290742711223692107e-03 1.703376297736038667e-03 -1.317087914087130239e-02 2.144609152388974316e-01 1.890294787981667765e-02 -1.952995854015721327e-03 -2.279355126083711797e-02 -3.800089650269339314e-02 1.729538377201542410e-01 9.851481699881503573e-02 -1.624467977962997314e-02 5.247484530981137013e-02 1.431139923459838481e-02 -1.702536154241249544e-01 2.752336774411709777e-02 1.752714180369165931e-01 -2.059930946741350688e-02
-1.589570409958365217e-03 6.243676572437199812e-02 9.343741703934545229e-02 3.778394719774989530e-01 -7.928079801789729153e-01 -2.162138150733007858e-01 9.369297137641066087e-01 6.300899895686825625e-01 3.387263317225630010e-01 7.495367087902697900e-01 -4.439895354373148417e-01 1.323049089814335166e-01 6.041883683647407410e-02 1.481600160566894642e-01 -4.027725848704436507e-01 4.111658619002411252e-01 -9.580466286906057505e-01 -2.367645871972259841e-02 3.648324691972951259e-03
1.076385462669116142e-03 6.673811658321688808e-03 4.417043604174408084e-02 1.791201227796160268e-03 4.334609481964607491e-02 -1.916806825719989324e-02 -5.311649430770759572e-02 2.418766031704390473e-02 -9.388971320738197582e-03 1.003806667638315053e-01 -1.794384233800979875e-02 -1.756584633503086371e-02 2.187593912424119075e-02 6.223111277966843213e-02 -2.794879687458202630e-02 -5.342241258831009754e-02 -1.192485065123592182e-02 2.631223289495450077e-02 -2.326835413304066940e-03
7.702093714886666387e-01 -3.965491199373265101e-03 -2.319789747064774678e-03 -6.348887931084705449e-02 -2.000317401126442893e-02 1.946944731664561057e-01 -1.182028121613443519e-02 3.695388541460070675e-02 -2.535652046676804133e-03 9.401584934992589584e-03 1.462283504282608781e-01 3.564025204375396300e-02 -2.282839662029910455e-02 5.416944702235387821e-03 1.373124213668476708e-02 -4.820726895252975923e-03 -6.601873005347783097e-02 1.168661976296742483e-01 -1.202873287576336145e-03
3.780959477876851688e-02 2.372624777976239108e-01 7.127125038690254044e-01 9.359109615468313992e-01 3.761372092806099243e-02 -4.154973848593407904e-01 -4.869801948100194733e-01 -4.550689393907583202e-01 -3.095827455638567316e-01 -1.256468119388862992e-01 -6.036774955112145236e-01 4.753372096057043583e-01 -6.699784220895736997e-01 -2.619341427054587279e-01 2.903132279428460860e-02 1.636844565554395892e-01 -7.073050047481151958e-01 2.190166061534970787e-01 2.295872224260107897e-03
-8.985241254465784963e-03 1.171288645976836448e-02 -7.955327200149939909e-03 -5.957486550373115863e-02 -4.571938431487558574e-02 -1.437198203962815335e-02 4.361531163999688571e-02 -1.844324485017511187e-02 3.069476729667001969e-02 -2.915847353270166475e-02 3.614059558406192141e-03 -6.449237750081848741e-02 -8.655626809507471070e-03 -7.755125645544666633e-04 1.316509098791129040e-01 2.288345025578056649e-02 -2.009660891235138247e-01 -2.569029853223944726e-02 4.209767689462126823e-03
8.781104418725088623e-01 -1.501403196354277741e-02 -4.018160503841384373e-02 2.252434394566286968e-02 -5.842325431752186729e-03 1.631084543799299902e-01 -2.492256409625510233e-02 -1.028857266091801059e-02 1.861161482684339178e-03 1.422737645883179712e-02 9.584055845829203557e-02 -2.942511922144021644e-02 -4.254404333549756390e-02 -4.690893205754262385e-02 -1.116175206811417277e-02 -7.655575994351800084e-02 -3.242714955215128536e-02 -1.149475316733445940e-01 3.714361235762708713e-02
1.815932043763719347e-02 5.189210633537363337e-01 9.718460711179572886e-01 5.010777388795264325e-03 8.839860192549595652e-01 -8.888073650821112226e-01 2.772646800936573799e-02 5.762573733198642634e-01 3.156769082605397903e-01 3.216265297967014214e-01 -6.247895661847907567e-01 -7.484434938880674126e-01 7.151680182166058053e-01 9.633497959904688268e-02 2.171175563773715400e-01 -5.079593402123058071e-02 -1.722180328769174762e-01 1.390900829963841179e-01 7.945307479449624510e-03
4.395353355646541144e-02 -1.416079698015304013e-02 -6.559693644316406946e-02 3.724353923002079320e-02 -8.182947129001830189e-02 3.234442163085038402e-02 -5.428722004864741657e-02 -4.218508792869525570e-02 -3.798668087551751449e-02 1.066797004283232680e-01 4.411251305220571794e-02 -3.264720396113218737e-02 5.262795790595153900e-02 9.271237031395553052e-02 4.512432290150406727e-02 4.090496388749240153e-02 -1.216342874492678944e-01 4.581418705929161950e-02 7.634380516706713946e-04
9.976267514346727205e-01 -2.702714461232518656e-02 -6.124436283734722812e-03 4.418213318823382280e-02 6.767783864240318505e-03 1.514154874350022717e-01 -1.816907880780021037e-02 -6.791395156631134099e-05 -3.943816424368303680e-03 3.944622750733409178e-02 1.492835947402169558e-02 -5.952261511199454652e-02 4.678014340351117212e-02 2.676339358193056961e-02 6.173370186880384504e-03 1.301711007952812416e-01 -6.049155474877350447e-02 7.944755843886698587e-02 -7.427813622658225451e-03
1.190045279306958526e-01 8.714626311212444465e-01 3.372532474454641438e-01 -8.445524193771900556e-01 -4.100677218892739284e-01 -9.215084703176652514e-01 4.505003452943435183e-01 -4.584267693419740719e-01 -1.122918620954456298e-01 -5.070729972156188259e-01 2.633691247434732929e-01 5.332718817971100478e-01 -6.024602781533032747e-01 -1.445500051209341330e-01 -5.316757761554820050e-01 -5.636862679358350947e-01 9.112444838233806355e-01 -3.429984072319500754e-01 -2.028440696580754640e-02
-7.080913768038386846e-02 -9.355301397902157645e-02 -2.568546813202978157e-03 9.128597869380944418e-02 4.873979861220562038e-02 5.716099457237440451e-02 2.348124749821219048e-02 1.274133836112867867e-02 2.541968992479329628e-02 -3.509896375374552124e-02 -2.687828095230115899e-02 -6.469967592017035474e-02 -4.698060134566287710e-02 4.809083858408826789e-04 3.024911029375436378e-02 5.454283052978174673e-02 1.381132389299469243e-01 -6.386358577942312376e-02 2.359666064887041333e-03
6.949454429164835245e-01 -2.301770021467700739e-02 1.827805419833937114e-02 4.032729731358389302e-02 1.477185473787954312e-02 2.332813194199242490e-01 4.702793746826941686e-03 -3.973461052023646856e-03 1.966556663715863726e-02 -3.304106432832768642e-02 -1.212167814853644388e-01 -5.285884298991766483e-02 2.526516387698735794e-02 -1.002796151731411359e-02 -2.663281188524983453e-02 9.034648660816124721e-02 -5.830437653298797818e-02 -1.909321103015781118e-01 2.569508244313026962e-02
7.138710530454589476e-02 9.916834076447387236e-01 -6.406607878650292243e-01 -5.106042043935905134e-02 -4.493724080266045529e-01 -7.904689436093669253e-01 -6.119034871473579829e-01 1.131711177664789514e-01 3.528406458044700683e-02 5.962444374089571619e-01 4.956513248384526449e-01 -4.363198935001893486e-01 6.219110382362238454e-01 1.058994344454339959e-01 6.347385861069777535e-01 -2.044662452832221311e-01 -3.675959542127570923e-01 9.903720628353922528e-01 1.806125842903155351e-02
-8.465128741223924835e-02 -9.073330818180766477e-02 4.652079087861170359e-02 -8.466614910942643277e-03 -3.517259669066042510e-02 4.429634769470115058e-02 5.998528996927496304e-02 -1.066382392344336211e-01 -5.324333135018921581e-02 1.045647460393362982e-01 -2.974254857085746953e-02 -1.131414935496542623e-01 1.501371536174502530e-01 7.793027950318200114e-02 1.659251091569947933e-01 -4.300558893988095516e-02 -6.440058843904854224e-02 2.907274599259164830e-02 -2.119929510187365876e-03
4.830072065004848980e-01 -4.329993353635003955e-03 -8.157600283779521677e-03 -1.026501773722069549e-01 -4.703960399357671324e-02 -4.924686198097630307e-02 -7.029021584777156439e-02 3.972315402926365757e-02 9.135570192093249442e-02 -1.589086951083622523e-01 -2.692060009437159396e-01 -7.187202834832451259e-02 -1.676271066975994553e-02 -4.366548272035454537e-02 -8.452923990910993224e-02 -1.642155727007454102e-01 -7.848319080409071891e-02 2.070882730964928309e-01 -1.083430120860653934e-02
1.811897891660533277e-01 5.405755056322613106e-01 -6.693027611494050122e-01 7.103867463161263052e-01 8.844392047926721290e-01 -8.458675586495512100e-01 3.726285698409557146e-01 4.922876448646996972e-02 9.208556721661159683e-02 -6.283507497474243308e-01 9.919462197283837046e-01 8.439129656860261397e-01 -6.211490164163839811e-01 2.269098730665760344e-01 -3.203888989624931738e-01 5.209786219631753479e-01 -7.206745110204981764e-01 -8.088333157388337691e-01 -1.125873605181426998e-02
-1.591389821472457763e-02 -2.222035930998639969e-03 -4.843552054899107062e-03 -3.002399775328680378e-03 -1.034644604878384201e-02 3.654093941849520001e-03 -9.178317636324387352e-03 -1.540884226614953022e-02 1.672610951641510801e-02 1.291902178510398631e-02 4.301456695104403233e-03 -5.841255681177674221e-03 3.183778082151863826e-03 2.160810585440671797e-02 -2.330083376261730260e-03 -3.938173968768166923e-03 1.698989630293426534e-02 1.167570694759044068e-03 4.690583344646337416e-03
-5.182676841489124164e-02 1.121044215135205083e-03 -2.613113600283443420e-03 -1.733888591786174674e-02 -1.918907601608413338e-02 -1.583145325511562881e-02 -2.584607874588373821e-02 5.938390258411290618e-03 1.110542388931402835e-02 9.851094813599275968e-03 3.037584815802529814e-02 -5.221734846292279755e-03 2.361667287601014464e-02 1.111480737704408431e-02 2.612462691969347911e-02 -2.112431670057212663e-01 2.600426476450996144e-02 3.003384663367022773e-03 -1.674408889628369382e-02
2.043873301280014695e-02 -1.335326703559678620e-02 -2.019038985200683964e-03 -4.502261046535973449e-02 8.137022855506972907e-02 -4.558832938604083507e-02 -2.388999544871044378e-01 -4.433572978816748833e-01 9.323048740411497004e-01 9.705066911031487997e-01 1.455909461944110417e-01 4.888822384244975172e-01 -4.107404470264700569e-01 -1.640429246697888699e-01 1.596944496242585498e-01 -9.163458951181904788e-02 3.562982092018032038e-02 -4.618643389142691041e-02 -5.156083304307434827e-03
2.998867276258887840e-02 -2.343976158365643301e-03 -1.552568717021862070e-03 5.514716916193371406e-03 -6.208680363028865057e-03 1.330609666634701739e-02 -1.071034200361418304e-02 -2.729978968404783712e-02 3.396277269342747734e-02 3.307929277648027910e-02 1.592520748410301487e-02 6.454398941862391978e-03 8.419423239856536206e-03 1.121202559305167074e-02 1.003462420465364642e-04 2.476647116840702614e-02 2.419280527299614778e-02 -8.316640865973466690e-03 3.054660282908335054e-03
7.400879237583234301e-03 3.212521760128911504e-03 -6.608861942998331060e-03 -2.274225391147675565e-02 8.654523981796160767e-04 -1.884964417739674707e-03 -8.025506545665382629e-03 1.427791136438946902e-02 -1.560025030015343289e-02 -1.435213261439158283e-02 3.374861710769608975e-02 3.152565457912743369e-02 7.262948002069889372e-03 1.754095191595992547e-03 1.186393486941519438e-03 -1.002333270877594634e-01 5.301204639695969445e-02 7.042536353495209081e-03 -1.904858409197064412e-03
-1.303331042395497116e-02 -1.714904445011138090e-02 -2.529455374946146945e-02 -4.415569470303731814e-02 1.135795201171046764e-01 6.758994466484456731e-02 -2.079024666151833567e-01 -4.468038940670959747e-01 9.414078923064804760e-01 9.896445078853394195e-01 7.078175172952096139e-02 4.390938935846052105e-01 -3.399062368888274843e-01 -1.743703455794445578e-01 1.754542233100525594e-01 9.692869546457721919e-02 -1.212299020385422949e-01 5.027261765012571576e-02 -8.718321814671307207e-03
2.642552990078195219e-01 -2.640498910162870656e-03 1.912553144739049388e-02 -5.128062819873478034e-02 2.788773535489728200e-02 1.932447896472927196e-01 1.077165872914542522e-01 1.138574189997117875e-02 -7.226870898555524947e-02 3.576562948611722997e-02 -5.100034619096572436e-02 1.010312093646447973e-01 5.732137613145785876e-03 6.115833570801689628e-02 -6.634514198933616491e-02 6.243873040343637937e-02 -4.269949911932959669e-02 -9.729335196847985201e-02 -1.304084118931942426e-01
5.852463006966196479e-02 -1.108582132682593181e-02 2.587798344164017952e-02 -3.381923556896789668e-02 -1.135111932126023349e-01 -1.906693701922835410e-02 -1.503198157310678962e-01 1.481303208247277681e-01 1.183704075978008335e-01 -6.885367070219512720e-02 2.497007803853532049e-02 -1.268730590675734050e-02 -3.725623731767773589e-02 7.356084233973740616e-02 -1.128627686549468212e-01 4.124589540945854636e-03 -5.848905348093384055e-02 6.954035238796414664e-02 3.045123591327292094e-03
2.831356427843425005e-01 -2.910262050918439869e-03 -5.640419541275493165e-02 2.486206630738026918e-02 7.949556271342568536e-02 -1.379614464522634044e-03 -1.074610086707730207e-02 -3.790835907245888869e-02 -4.169597216432155418e-02 4.893473019927131740e-02 -5.271216127497049125e-02 5.968968919971817666e-02 -8.172005403081693264e-02 -1.133736439109163385e-01 1.320398635205692617e-02 -6.752316368274377534e-02 5.954068622329397077e-03 -6.907792391013276578e-01 3.358421122919889867e-02
-4.326823160492969216e-03 5.412429767733506827e-03 -4.905288893501572045e-03 -2.268579984833484636e-02 6.412291044690922315e-02 -9.077659476556075926e-03 5.605583718307763363e-02 -5.303213603007379123e-02 -6.400150964894453683e-03 2.446213265625550928e-02 5.723976238989921667e-02 -7.293750117075592510e-02 -7.606001455491595564e-02 -2.858459718369151317e-02 -1.015052142155217496e-01 -2.648092480418752503e-02 -3.148068096162956898e-03 -8.522707314545040214e-03 8.756738974633408723e-02
1.381598563703751240e-02 1.677844595869689218e-02 1.894110822172575051e-02 8.062408666997426809e-02 -3.872050359467416047e-02 3.529564250728241259e-02 9.413254824904487839e-03 -2.030232859530437320e-02 2.425860126014842480e-02 4.199737132514200222e-02 -1.066582649297258961e-01 -4.348667139779396895e-02 8.983902626360537602e-02 -1.340579667118674484e-03 -7.778916698101036309e-02 -8.389561307007144253e-02 -1.204203995739543676e-01 7.068127321647496575e-02 9.997462019482572515e-01
9.698031060727345387e-02 -3.046927639299890772e-02 6.160328381104736295e-02 -1.344124078074266648e-01 -4.621884352301680599e-01 8.185612511671763736e-02 -6.778569066819107869e-01 8.927920670308967521e-01 3.390937527298616971e-01 -4.876506621954206921e-01 -4.066313050648919653e-02 6.318844301793253848e-01 9.505205255977855483e-01 8.790373916172300461e-01 7.297722665598428415e-01 -1.959203577114763672e-01 2.585486203307689190e-01 5.422216990305113171e-01 1.396770376425928439e-01
-1.684570512073097978e-02 -6.522912988850808162e-03 1.080988645389764462e-02 -1.409631546966565348e-02 -1.244742349832691497e-01 1.626363993221572116e-02 -1.526056203981343840e-01 1.459841520788754954e-01 1.159400899646368388e-01 -5.209759745433477363e-02 -3.188821075920397242e-03 -2.807343901246261986e-02 -4.463584021829253984e-02 6.752638516390475909e-02 -1.397544926505799867e-01 -2.532188436742448950e-02 -5.574273982595132765e-02 -4.209646532399259622e-02 3.098336873264989112e-03
1.148283844840173457e-02 -2.744502369810053466e-02 1.149678735590441668e-02 -9.038663616409021995e-02 1.165748542058598070e-01 -5.127111851353445549e-02 4.954491673687069775e-02 -1.317126080709230852e-02 -1.367489230918016510e-02 3.234062700271753826e-02 -2.099653133149418857e-02 -1.088098746831746705e-01 -6.002148253558140661e-02 -1.601838741020558676e-01 -8.270330070933473721e-02 1.199869613263451207e-01 -2.570492899456561786e-01 -2.662697112589036408e-01 3.127825239162702192e-02
1.661029405593295871e-01 -8.830683514400864548e-03 -4.136538612260135667e-02 3.109786354914707146e-02 1.408521567492540816e-01 -1.802090466084098896e-01 9.109479305801432281e-02 -9.991058631640899190e-02 -6.352304263520683336e-02 2.019505778529324599e-02 1.632014675949636506e-01 4.684770853906701504e-02 1.968860104032850167e-01 7.722308742120731484e-02 1.149042192811558089e-01 -3.879798438822588263e-02 6.996810962364737041e-02 4.924635271868998410e-01 -1.921015639523293919e-02
-7.008960323991511587e-02 3.864834250424382337e-03 -4.095712406339027147e-03 2.428952928945840931e-02 2.916926056172526073e-03 3.620137497583178487e-02 1.353680256985642649e-02 -3.517001481162335824e-02 3.241950974183651496e-02 4.194098504002465033e-03 1.068392643922881809e-02 -4.810640683045332155e-02 -4.200238704278277252e-02 2.840135464698980393e-03 -8.003896214910913298e-02 -2.819804516791958593e-02 3.167183609371226199e-02 -8.819816277004700888e-02 1.012325249951790069e-03
5.144242038526037897e-01 -2.273310909843680172e-02 -1.943705738372401154e-02 1.068271235218444526e-01 -2.317969381785326462e-03 -1.312253850099594221e-01 2.554312938268386499e-02 1.563810327331785835e-02 -1.556853411125300873e-02 -1.175328883334337236e-02 4.932832850965226251e-02 -6.052572007531938081e-02 -2.810622289688721742e-01 -7.326088779227285692e-03 -7.156218788213714044e-02 -1.279034892448989991e-01 -4.046905327388658491e-02 9.105807171134960853e-02 -7.720563351657888304e-03
1.490084755961818830e-01 -2.792194880041799082e-02 5.195491045273752106e-02 -2.077151411394296820e-01 -3.732954082255017236e-01 -1.062048220265366383e-01 -7.034576699188019866e-01 9.717095912149508186e-01 3.396730808509503818e-01 -5.246184790672105969e-01 8.827480886512154012e-02 6.357790580231162947e-01 8.458553683420542146e-01 7.638119100478369949e-01 6.611147472882330511e-01 1.035075490722058289e-01 2.577695950564338201e-01 -4.042506888633570772e-01 -1.130979912566030220e-02
