1.000000000000000000e+00 2.979999999999999871e-01
2.000000000000000000e+00 3.840000000000000080e-01
3.000000000000000000e+00 6.199999999999999956e-01
4.000000000000000000e+00 8.220000000000000639e-01
5.000000000000000000e+00 1.086000000000000076e+00
6.000000000000000000e+00 1.219999999999999973e+00
7.000000000000000000e+00 1.360000000000000098e+00
8.000000000000000000e+00 1.618000000000000105e+00
9.000000000000000000e+00 1.870000000000000107e+00
1.000000000000000000e+01 1.935999999999999943e+00
1.100000000000000000e+01 2.117999999999999883e+00
1.200000000000000000e+01 2.292000000000000259e+00
1.300000000000000000e+01 2.446000000000000174e+00
1.400000000000000000e+01 2.565999999999999837e+00
1.500000000000000000e+01 2.733999999999999986e+00
1.600000000000000000e+01 2.994000000000000217e+00
1.700000000000000000e+01 3.331999999999999851e+00
1.800000000000000000e+01 3.556000000000000050e+00
1.900000000000000000e+01 3.870000000000000107e+00
2.000000000000000000e+01 3.967999999999999972e+00
2.100000000000000000e+01 4.246000000000000441e+00
2.200000000000000000e+01 4.540000000000000036e+00
2.300000000000000000e+01 5.137999999999999901e+00
2.400000000000000000e+01 5.663999999999999702e+00
2.500000000000000000e+01 6.096000000000000085e+00
2.600000000000000000e+01 6.741999999999999993e+00
