2.729918174029925121e-02 9.487870679502657945e-02 1.130478081677707136e-01 1.722974515207229829e-01 -3.731201706089101178e-01 1.802491469741365204e-01 -7.420418917357105015e-02 6.552862217797272848e-02 -5.410066981250688523e-02 1.950320891433936915e-02 -2.868794879458371611e-03 -3.817626728831744615e-02 3.420902408313942523e-03 6.232891804874089205e-03 -9.447256209331594823e-02
2.210586011189096534e-01 -7.895824033763440900e-03 -1.019880325102718276e-02 -1.915745672992539422e-02 3.926573785727356658e-02 -3.764733719758155128e-02 2.531985194040916199e-03 -8.204168933588653831e-03 -5.152503764277056040e-04 1.042013466807493538e-03 1.216932204631942724e-02 1.854855357685324807e-03 -3.549710322713210730e-04 1.180171134054248862e-03 6.658170182521412628e-03
1.571628356895311482e-02 4.644963742776163709e-03 2.879353556798315214e-03 3.300966136003881130e-03 -9.787628371913336539e-03 5.754580659948852102e-03 4.812640654893840519e-03 2.389220690662798279e-03 1.030040204091532338e-02 9.966520881127162099e-03 -4.667941470688939318e-03 -4.806517243624023467e-03 6.166180599505369231e-03 -5.162218179709385062e-03 3.235033113061822757e-02
2.729918174029925121e-02 9.487870679502657945e-02 1.130478081677707136e-01 1.722974515207229829e-01 -3.731201706089101178e-01 1.802491469741365204e-01 -7.420418917357105015e-02 6.552862217797272848e-02 -5.410066981250688523e-02 1.950320891433936915e-02 -2.868794879458371611e-03 -3.817626728831744615e-02 3.420902408313942523e-03 6.232891804874089205e-03 -9.447256209331594823e-02
2.210586011189096534e-01 -7.895824033763440900e-03 -1.019880325102718276e-02 -1.915745672992539422e-02 3.926573785727356658e-02 -3.764733719758155128e-02 2.531985194040916199e-03 -8.204168933588653831e-03 -5.152503764277056040e-04 1.042013466807493538e-03 1.216932204631942724e-02 1.854855357685324807e-03 -3.549710322713210730e-04 1.180171134054248862e-03 6.658170182521412628e-03
1.571628356895311482e-02 4.644963742776163709e-03 2.879353556798315214e-03 3.300966136003881130e-03 -9.787628371913336539e-03 5.754580659948852102e-03 4.812640654893840519e-03 2.389220690662798279e-03 1.030040204091532338e-02 9.966520881127162099e-03 -4.667941470688939318e-03 -4.806517243624023467e-03 6.166180599505369231e-03 -5.162218179709385062e-03 3.235033113061822757e-02
-5.002578389112653789e-02 -4.261931702888996192e-03 9.403521572182153843e-03 3.031728906466147483e-02 -5.673833648349257963e-02 3.054266991226664910e-02 -1.756020922656132549e-02 -5.329649505945525945e-02 -1.475422526322658218e-02 3.878147771657115567e-03 1.092425869195694510e-01 6.853382626439173675e-02 4.306563982385857789e-03 2.943820982605747927e-02 1.505060891191334609e-03
4.150995698803250367e-01 1.034164805780426154e-02 3.375284667767367106e-03 -1.279645790320958765e-02 4.171770127373131999e-03 1.222829455063165205e-01 4.008079630331838616e-02 5.803608839634622277e-03 -1.783144028844032419e-02 1.970576573027206513e-01 -4.872332454997230222e-02 2.234829362131081701e-02 -1.561331960411220000e-02 -1.207470196371663584e-01 4.619062163452457292e-02
-1.096166108871323222e-02 6.264567640340695798e-02 8.305856218498582078e-02 3.922551677846409235e-01 -7.771028548290881410e-01 3.604292950946059726e-01 9.883530533472464352e-01 6.751365105708844183e-01 7.634603287459778009e-01 6.071928449481940326e-01 -9.364539433988666728e-02 1.472251084744465865e-01 -4.564951498078660408e-01 -5.355887789588973380e-01 -8.449960831295958430e-01
1.488781460677367913e-02 3.109491425990738162e-03 3.241394655905875666e-02 -1.779014846684612988e-02 4.019233878026477053e-02 4.418551964993565687e-03 -4.919970286949818666e-02 2.617570647977253417e-02 1.013125190088972755e-01 1.244727997871994743e-02 3.432841265990657642e-02 5.738320796101479410e-02 -2.388422072178883471e-02 8.235207805969582684e-02 -5.074961924343131259e-02
7.766645870584217848e-01 -6.269871143492605488e-05 1.583097458124263848e-02 2.312200685630133937e-02 -1.960656412520781280e-02 1.540793272215960630e-01 -3.382950579553372500e-02 -5.135230193847576188e-03 -2.343361412760258666e-02 1.549989974645099022e-01 -2.719676127302535912e-02 -8.704344762929128870e-04 -8.569230024685146885e-03 -9.164229942869315040e-03 -3.459804504963599064e-02
4.640140375851242727e-02 2.379940108636418583e-01 7.302878036715916288e-01 8.880130130767973640e-01 6.485429392615899014e-02 6.465968473089933610e-01 -5.519350254955825985e-01 -4.839237493985065197e-01 -9.983115102245143646e-02 9.793704455515745977e-01 -7.961743689346392205e-01 -3.115341629116629152e-01 2.945683998123908853e-02 -1.102534941693737586e-01 -9.211145306739664251e-01
3.258375070949667135e-02 8.781994880360688427e-03 -1.704266688610344554e-02 -4.397967026063394347e-02 -7.153897051627580717e-02 2.828436841334954106e-03 4.219898654848511926e-02 -1.469395552470816740e-02 -3.212278051100685844e-02 -3.958639568805046027e-02 1.950905195862566791e-02 -8.058767454959179372e-03 1.124926574701177184e-01 1.799263383772136543e-02 -1.811167640132543277e-01
9.712492826116811973e-01 6.725541175711513726e-03 1.300592583743272190e-02 -4.379506652537661082e-03 2.813331946791911009e-02 2.013044519597650128e-01 1.198447138667101466e-02 3.266290175727060152e-02 2.680604585603402895e-02 1.165188300665592203e-01 2.487526235308154532e-02 4.125972614665161103e-03 -1.112777655890525392e-03 -4.749103488852902955e-02 4.192250155149990914e-02
-9.601568832452724370e-03 5.174168441911519700e-01 9.891671432465726221e-01 -5.226680539723894264e-02 9.080833480801766555e-01 6.453447543742540926e-01 -5.642733975261401622e-03 6.134930057236930301e-01 3.724557394612702521e-01 3.679644854775975249e-01 6.051801398246158259e-01 2.261151340098466744e-01 3.657972777433534661e-01 2.012863211455480361e-02 -1.498845107896865370e-01
5.843947619186082298e-02 -1.734848986337935925e-02 -6.643856377840086369e-02 2.365923787189926075e-02 -1.030840524936075808e-01 4.066863202368269266e-03 -5.645993033960462065e-02 -5.333329074901634048e-02 1.047029629799027806e-01 -1.407505996964390944e-02 8.519745099704228997e-02 7.898013712647042328e-02 6.596113741091302884e-02 -7.273068618139784391e-02 -1.165458678175506080e-01
9.317663749712995491e-01 -5.409918991254783656e-03 -7.762098540653639307e-03 -1.563149510391643321e-02 -1.002076204446327931e-02 1.733388175397438946e-01 1.630843326355354075e-03 -3.283256233129174407e-03 2.496938490432646512e-03 1.342218748804341506e-03 -1.196738317303517631e-02 1.137613803101875792e-02 3.532885574030297099e-02 1.415530312264018931e-01 -1.060837466312199440e-01
9.314525008881896495e-02 8.697729623275916033e-01 3.418616876888675993e-01 -8.502418676541552145e-01 -3.264092972214689414e-01 8.688172005441435752e-01 4.544539721398713761e-01 -5.009779426086884424e-01 -5.042359771842394034e-01 4.927252865964074774e-02 -6.776871399415923536e-01 -6.074593088464742829e-02 -4.949131259232326663e-01 5.033570213354592315e-01 9.574461322273921660e-01
3.011028753081577969e-02 -4.308069548414300565e-02 -3.616974362879617211e-02 6.797174579550024909e-02 1.399003841039120691e-02 -2.149515367036103700e-02 -9.740231182809516242e-04 2.919752312992463308e-02 2.574957532061415873e-03 -2.589874511842799043e-02 1.678798140502001102e-02 1.950637331191593798e-02 6.484917236308411492e-02 1.062388958241315164e-02 4.370966367145771164e-02
7.579895532097765676e-01 1.412392586386680693e-02 -7.766278638839595530e-03 3.217474400656381017e-02 2.320996389090996051e-02 1.097143402398117057e-01 -4.392610062521030284e-02 3.638370775873636664e-02 1.539541358902545010e-02 -1.257196743791574867e-01 -8.721143292338165431e-02 -7.239678748711483869e-02 -4.376687526074563711e-02 9.259221893201005638e-02 9.873081124785333673e-02
5.095645408629282530e-02 9.987041140274756090e-01 -6.483151121218075907e-01 -4.249275696107011197e-02 -3.680095078398977759e-01 9.998147410766213827e-01 -5.547853384476126859e-01 8.492432521415461955e-02 6.153702671644617483e-01 -8.605193234405368319e-01 8.118594501394650331e-01 1.212235182646740662e-02 5.961745999750936997e-01 4.474948475564621830e-01 -3.082614386378350613e-01
4.097812508741087434e-02 -8.918402951893546204e-02 5.282604957052580708e-02 -1.613884143848749730e-02 -3.795380403496721733e-02 -2.847627811085829547e-02 5.729063112711683947e-02 -1.174284520778639540e-01 8.680256426053648000e-02 3.248212761336861931e-02 6.775520988469199701e-02 9.078597248822585508e-02 1.398273227077825864e-01 1.001111406645963098e-01 -8.318874313689453293e-02
4.093235100464597265e-01 1.358992335407203586e-02 -8.213015603438050122e-03 4.702053556184085381e-02 -1.549699393763944930e-02 1.267776150573489691e-01 -3.023719909914034804e-02 1.549018224876558270e-02 -9.264665584016538308e-03 -2.418323176987324241e-01 2.374334675353563517e-04 -6.926399115590105293e-02 -1.322558640232329198e-02 -2.872525273400476920e-01 -2.586145192121014694e-02
8.186760396498790615e-02 5.427508097484564642e-01 -6.709767090145161150e-01 7.508230591829756495e-01 9.839159985645944406e-01 6.023217719008724380e-01 4.479176509913809778e-01 1.172845994242311674e-01 -6.977298469874650966e-01 -6.693594712078448916e-01 -2.406073857281389450e-01 1.633740581964829297e-01 -3.414421571312627468e-01 -7.654239940651423879e-01 -7.254569732659086334e-01
3.469081987640178916e-02 -1.479170495723386956e-03 6.210833374570914889e-03 4.416296410360272262e-02 -5.498662352861356795e-02 1.472047441365047574e-02 1.031363260513048531e-02 -4.332082689450077184e-02 -6.363774225811910830e-03 -5.201998648885586968e-02 1.011099006578181914e-01 8.146878966278357781e-02 -5.898147227458440389e-03 -5.311956252333563389e-03 -4.438899913552048215e-02
3.740199249581944718e-01 1.030679015691853906e-03 -5.301049323204952771e-03 1.679676291693651177e-03 -1.262371106172306343e-02 2.145176591405021371e-01 1.857025854334991288e-02 -4.696190654196655441e-03 -3.902594183936591854e-02 1.743821590094583041e-01 -1.718879943588814269e-02 5.267397101403798604e-02 1.450143919028703578e-02 -1.702105982836447651e-01 2.895047875065772172e-02
-1.643123800464078074e-03 6.245180360543931691e-02 9.354329666592653414e-02 3.778574138665125592e-01 -7.940108828746965663e-01 -2.161851398565253490e-01 9.361022237543590307e-01 7.013285039205775506e-01 7.604604268385216637e-01 -4.520415228268255814e-01 5.699873365933592895e-02 1.483911044047785954e-01 -4.015995954543264412e-01 4.116668042542495631e-01 -9.531163234507247228e-01
1.073022155890553369e-03 6.676301431361522827e-03 4.421777962928831462e-02 1.782278372838579442e-03 4.312727721305551626e-02 -1.920130216212380739e-02 -5.295397829940624856e-02 2.227657724813619095e-02 1.016378363659061201e-01 -1.833224908060329325e-02 2.139507738005901397e-02 6.176280035149150915e-02 -2.765742682702275815e-02 -5.360535870754314092e-02 -1.093137235904831708e-02
7.702568176125728083e-01 -3.958771071426957049e-03 -2.200899465500145459e-03 -6.349733459800956104e-02 -1.975623317274496915e-02 1.947675174278134247e-01 -1.207767290520270556e-02 4.127655675675067498e-02 1.045736952040156494e-02 1.468415301137851181e-01 -2.256490886766736315e-02 5.140359653087305317e-03 1.374272074158758294e-02 -5.602592685779951044e-03 -6.342687083108380919e-02
3.776251589712358026e-02 2.372770876017739061e-01 7.140642331923624520e-01 9.358926625277184108e-01 3.480361823095776130e-02 -4.156555154885229197e-01 -4.858323166179862040e-01 -5.165641896957775536e-01 -1.449904051184272014e-01 -6.139943782857746335e-01 -6.756325792526147733e-01 -2.661055085451616287e-01 2.810033651004049254e-02 1.641108968828729475e-01 -7.032449350303441316e-01
-8.983506081549207101e-03 1.171309380368052225e-02 -7.998504769910883341e-03 -5.956340909665345379e-02 -4.586516492403495265e-02 -1.433190836600962449e-02 4.353831941641454067e-02 -1.641938196865598554e-02 -2.483429303670613153e-02 4.379571695780671431e-03 -8.641772856949052339e-03 -1.656585013120313562e-03 1.314553193675220000e-01 2.305079615209830457e-02 -1.992725245912539966e-01
8.781254252492823875e-01 -1.500653660997657186e-02 -4.021513478464689567e-02 2.254741864747475746e-02 -5.489681390838409974e-03 1.630879884584202910e-01 -2.529212759515549885e-02 -8.366078039453850659e-03 1.305668636571440458e-02 9.643314728041310624e-02 -4.166696992569205588e-02 -4.613175927862911418e-02 -1.124510440846261325e-02 -7.610628333041020988e-02 -3.074342751803611079e-02
1.811127655501273276e-02 5.189645351393683548e-01 9.731402451189650193e-01 5.091649248099612210e-03 8.832506150427695824e-01 -8.890308005767908472e-01 2.677176079040609336e-02 6.150646805108206383e-01 3.625015663774593944e-01 -6.263669915815857081e-01 7.225859619713707049e-01 9.807954027692418475e-02 2.170942055419819994e-01 -4.942302959828343001e-02 -1.712678134242412442e-01
4.394669700880719787e-02 -1.416785416956264400e-02 -6.557734638310375175e-02 3.721635634551570537e-02 -8.232085440201097892e-02 3.231424456623924885e-02 -5.385650603637501949e-02 -4.959977031900631578e-02 1.074803654589196605e-01 4.501262835479002966e-02 5.288664110734389578e-02 9.282101184614334477e-02 4.544438047721557905e-02 4.091141515291139147e-02 -1.202678602387959872e-01
9.976267965465208665e-01 -2.701561092085557128e-02 -5.959425231193006545e-03 4.417211111220207403e-02 6.483120455768801374e-03 1.514898660825990118e-01 -1.809229927351138981e-02 -4.179463450134581913e-05 4.445094041463124035e-02 1.576654721534825193e-02 4.643526458904494170e-02 2.614433502765883127e-02 6.235001320869191024e-03 1.303783029809611194e-01 -6.125661857338338123e-02
1.191826696013034148e-01 8.715298662393796691e-01 3.371307072529741711e-01 -8.444191917864346530e-01 -4.112418438736713533e-01 -9.214453241575668585e-01 4.506435992186615946e-01 -4.992847238802756160e-01 -5.240857609642985970e-01 2.644703704550829260e-01 -6.068657110174530134e-01 -1.423000255680240689e-01 -5.313467583154850571e-01 -5.663326903760557141e-01 9.044616925473660807e-01
-7.080327448784046185e-02 -9.356158862520226605e-02 -2.533608340670690136e-03 9.133667201450168527e-02 4.885853770822021214e-02 5.722308438632498634e-02 2.316298621117480333e-02 2.173806900846354806e-02 -2.727410690005934238e-02 -2.596501781816039703e-02 -4.709204303441810735e-02 -9.435401872019283387e-05 3.019981030402117683e-02 5.447786146366756510e-02 1.380644694299581754e-01
6.949070637525589511e-01 -2.303423864073468955e-02 1.818045490363822195e-02 4.037625060684209288e-02 1.487659254996810676e-02 2.333567735619159200e-01 4.387103480298015605e-03 2.700774682686013593e-03 -3.040121484533160959e-02 -1.223178063431456658e-01 2.463389799846392794e-02 -7.870218626949625901e-03 -2.668066918146392436e-02 8.991597216323968245e-02 -5.819449185917027756e-02
7.125315517141066202e-02 9.917597661817297849e-01 -6.423162361399796794e-01 -5.114609062247485460e-02 -4.537284390185071237e-01 -7.907975594456488899e-01 -6.095635741886578085e-01 8.513335070835784113e-02 6.104985239199554048e-01 5.006817618617160903e-01 6.265593131078933675e-01 1.045608823016223182e-01 6.343762191017284779e-01 -2.043671758972870622e-01 -3.656559543954090441e-01
-8.463112037857541126e-02 -9.074032595582205707e-02 4.658204398367814247e-02 -8.487360860512284041e-03 -3.493345263781467980e-02 4.428365838984878178e-02 5.999752856789015987e-02 -1.166474725975435583e-01 1.046651447687283187e-01 -2.991416100549898482e-02 1.521972555143096539e-01 7.826690257887113089e-02 1.660677379855195757e-01 -4.373409415872570732e-02 -6.350382589687650348e-02
4.832256373034543584e-01 -4.320045243853377383e-03 -8.685672892799528935e-03 -1.024797852528153419e-01 -4.773447362992234294e-02 -4.938480869509678794e-02 -6.989308452778167369e-02 2.206241461167131324e-02 -1.408770356774408095e-01 -2.702199685010276964e-01 -1.627876314463966995e-02 -4.294198915300614927e-02 -8.461429297030625962e-02 -1.640578339522887341e-01 -7.580442184719486665e-02
1.813778557556207094e-01 5.406042956024557089e-01 -6.704261701887097580e-01 7.104198272361079702e-01 8.863269692867628002e-01 -8.459122243197852997e-01 3.710305084011591426e-01 9.658200376821157729e-02 -6.488715638002517938e-01 9.999904707171323182e-01 -6.294674255040479949e-01 2.293413392545018414e-01 -3.192266181997754915e-01 5.205583074981885439e-01 -7.167182005953149915e-01
-1.590704522861046202e-02 -2.222583752270849110e-03 -4.777458842011219481e-03 -3.000983122701268886e-03 -1.012015057317463412e-02 3.659872890346194119e-03 -9.123962152804499307e-03 -1.880288963988658094e-02 1.444512063722446296e-02 4.287692211405201570e-03 3.122813277899160606e-03 2.158515396190216484e-02 -2.263096473428062409e-03 -3.979428427140841926e-03 1.681655457522938241e-02
-5.184710703440351814e-02 1.111249154467013750e-03 -2.443372656232475990e-03 -1.735553453744385910e-02 -1.902996135785837289e-02 -1.583084685589161711e-02 -2.589262005570004688e-02 7.033029417426219128e-03 9.291154354665931425e-03 3.017669536495387606e-02 2.299435769724133410e-02 1.051193602463241020e-02 2.616844095657860914e-02 -2.110312187632759351e-01 2.773455814348292983e-02
2.054691646785954812e-02 -1.335039165901213618e-02 -2.263257289275988869e-03 -4.496023476994949475e-02 8.292394982199424724e-02 -4.542478922206585890e-02 -2.382602984613183816e-01 -4.804479150999999004e-01 9.711951541138088562e-01 1.444593545879426233e-01 -4.126135927989570407e-01 -1.656443524476079454e-01 1.590876714232601352e-01 -9.307558961216501336e-02 3.633233041579955747e-02
2.998892491734150151e-02 -2.345648012746629797e-03 -1.561538253815683650e-03 5.510379966246557737e-03 -5.994788953502494001e-03 1.332031306987875065e-02 -1.077482582964776892e-02 -3.087149489765791954e-02 3.246496969333142329e-02 1.596946765817400249e-02 8.570424351190486512e-03 1.132933342499689057e-02 1.592905350831027461e-04 2.467847743166591556e-02 2.392309719776745947e-02
7.386340977340728232e-03 3.212903026895912173e-03 -6.618092013162960204e-03 -2.273654691124023242e-02 7.115976593861264403e-04 -1.868510431489979690e-03 -7.845471757955774228e-03 1.521161727702957309e-02 -1.362822850232264446e-02 3.366950208501179320e-02 6.541297766017425443e-03 1.744751931891353695e-03 1.210482195931391258e-03 -1.000837107159757433e-01 5.295635962494010807e-02
-1.287163760874860882e-02 -1.715799760658168194e-02 -2.526087043486991215e-02 -4.408926533511149659e-02 1.146945489715436306e-01 6.776378249314721214e-02 -2.073396967978866912e-01 -4.847726057148125656e-01 9.905253716126104502e-01 7.074297647275104572e-02 -3.400170357419207701e-01 -1.755079221940862300e-01 1.747146671304473931e-01 9.546217729265706053e-02 -1.212486998809187699e-01
2.638708283291859025e-01 -2.641815148292343297e-03 1.909320202280226711e-02 -5.162656519989851367e-02 2.841552557479535071e-02 1.934051984516311773e-01 1.081978085373200837e-01 -3.188782977293400534e-03 1.323994423621546908e-02 -5.143092614639711152e-02 3.608857699114403992e-03 5.985796383825243983e-02 -6.626807919215388365e-02 6.441679869280456106e-02 -4.775819624979688732e-02
5.850444641205411467e-02 -1.109118812539556555e-02 2.577518461926960047e-02 -3.379432588565655510e-02 -1.132578080224908162e-01 -1.904911434708586246e-02 -1.502367470007378025e-01 1.565849373409431977e-01 -5.920624865787293967e-02 2.435699454285602042e-02 -3.835195515142108408e-02 7.384123199417781669e-02 -1.125609593331405450e-01 4.640765291110748175e-03 -5.859877881949100004e-02
2.832149520577641466e-01 -2.903473869841486331e-03 -5.626066309651251568e-02 2.479721865164811329e-02 7.860997586108492419e-02 -1.404093454767112344e-03 -1.151427881925937841e-02 -2.649223311349085258e-02 4.728319567007972790e-02 -5.449764884951965871e-02 -8.247153984038360641e-02 -1.143491321803015159e-01 1.270590139991489148e-02 -6.906371296762817136e-02 2.337478111027816319e-03
-4.342334841083831699e-03 5.406964719473951117e-03 -4.960442291164419634e-03 -2.265972624873026364e-02 6.489312929747366454e-02 -9.023021237451800403e-03 5.621441421673933903e-02 -5.190757648884986725e-02 3.452249394495721102e-02 5.680086397631924078e-02 -7.562817168016144898e-02 -2.909704284872472596e-02 -1.015142054485809187e-01 -2.653971043018718903e-02 -3.865337966002795056e-03
1.366486510905436276e-02 1.681799048227728549e-02 1.897678529086503640e-02 8.050878542634087864e-02 -3.979610715830293743e-02 3.529541558868357076e-02 8.786832293539572486e-03 -1.104820912332026006e-02 4.848817963848923995e-02 -1.081895929305397019e-01 8.948439968068562511e-02 -1.055277037364173252e-03 -7.768113081597174951e-02 -8.283741598638263981e-02 -1.192389073323657511e-01
9.689302118811340958e-02 -3.050558541061713230e-02 6.126201606596679006e-02 -1.346776354312909096e-01 -4.634575980278301532e-01 8.186895036486299682e-02 -6.764664089315064466e-01 9.022630987739250763e-01 -5.387161866218012074e-01 -4.441853064762264075e-02 9.428369323435413785e-01 8.821665138192492650e-01 7.323017312760218278e-01 -1.949163883236195993e-01 2.607625109979683220e-01
-1.688760708932909860e-02 -6.552382826003264743e-03 1.089889177709616776e-02 -1.408086229941590828e-02 -1.237023512711483281e-01 1.631077265014208716e-02 -1.525107135652279677e-01 1.535067834893359406e-01 -3.969105784775465995e-02 -3.986914758373020021e-03 -4.629858160259095468e-02 6.713710848701823219e-02 -1.394701910788309629e-01 -2.461170251214040219e-02 -5.596956284560070105e-02
1.164465040590383429e-02 -2.741974638802584588e-02 1.124804238332065449e-02 -9.038897394703723775e-02 1.158143697775465275e-01 -5.129090281313814642e-02 5.118021810328064053e-02 -1.569350117541615935e-02 3.057034212770401438e-02 -2.478349808162108939e-02 -5.907111023863953481e-02 -1.622648118600737432e-01 -8.324222273646078585e-02 1.193672180753156536e-01 -2.584465629244488971e-01
1.661279097657955006e-01 -8.796132314961485621e-03 -4.179489873186929133e-02 3.112543140072691200e-02 1.359432386687582650e-01 -1.803001927859906317e-01 9.221584777809256617e-02 -1.019564498707559302e-01 1.180433492876132792e-02 1.651926648800602082e-01 1.966182980988438467e-01 7.806853544972255921e-02 1.152054699868012150e-01 -3.910969510088201095e-02 7.119623886137113611e-02
-7.008483723002863208e-02 3.869734300606773522e-03 -4.138871511536244482e-03 2.431456520193826104e-02 3.502166794369003001e-03 3.624563747857434404e-02 1.317625597901250258e-02 -3.585949057620723551e-02 1.366798640611685718e-02 1.127373073161251626e-02 -4.210619509999834198e-02 2.994644336560373186e-03 -7.998243206731442401e-02 -2.842647049799621253e-02 3.036261225728068697e-02
5.144589344458861957e-01 -2.268868929671765192e-02 -2.062593309167191566e-02 1.067876726218844469e-01 -7.994969125982364505e-03 -1.312974086617383629e-01 2.823271553504537804e-02 -7.950240108968114824e-03 -2.426258140363157789e-02 4.996099403530818855e-02 -2.817346681824527410e-01 -6.796468837088770650e-03 -7.149246011930919520e-02 -1.273094413523355173e-01 -3.922427310950037105e-02
1.489701132854712173e-01 -2.795450369987030961e-02 5.168227884879422751e-02 -2.080824978878496045e-01 -3.749068905584129752e-01 -1.061776065018384535e-01 -7.014285861692932667e-01 9.870511914067265913e-01 -5.892069714132923686e-01 8.246988971769937671e-02 8.388408339581544526e-01 7.652875139994093079e-01 6.632267171519941051e-01 1.039006754874374217e-01 2.587654844246675134e-01
