1.000000000000000000e+00 2.998758628133335047e-01
2.000000000000000000e+00 3.839274897180159907e-01
3.000000000000000000e+00 6.196812803319222684e-01
4.000000000000000000e+00 8.202406917625949534e-01
5.000000000000000000e+00 1.087546626840363073e+00
6.000000000000000000e+00 1.220471110403642090e+00
7.000000000000000000e+00 1.360689972397723491e+00
8.000000000000000000e+00 1.617202389674956109e+00
9.000000000000000000e+00 2.110606344100245835e+00
1.000000000000000000e+01 2.447829991095350710e+00
1.100000000000000000e+01 2.745343851486344189e+00
1.200000000000000000e+01 2.991854359165298849e+00
1.300000000000000000e+01 3.329547250788113200e+00
1.400000000000000000e+01 3.557291703629253288e+00
1.500000000000000000e+01 4.535432038952103007e+00
